36.0
16.0
22.0
42.0
11.0
20.0
17.0
11.0
24.0
40.0
41.0
26.0
11.0
18.0
13.0
32.0
17.0
22.0
15.0
20.0
17.0
14.0
31.0
22.0
63.0
20.0
20.0
11.0
9.0
17.0
14.0
14.0
23.0
15.0
12.0
42.0
12.0
49.0
54.0
72.0
18.0
11.0
33.0
11.0
22.0
18.0
17.0
22.0
48.0
20.0
49.0
26.0
21.0
13.0
35.0
17.0
19.0
23.0
22.0
47.0
31.0
12.0
28.0
9.0
18.0
31.0
71.0
30.0
18.0
22.0
19.0
16.0
9.0
17.0
24.0
32.0
23.0
15.0
44.0
38.0
31.0
13.0
16.0
30.0
18.0
17.0
34.0
17.0
23.0
12.0
12.0
12.0
16.0
14.0
19.0
37.0
16.0
9.0
9.0
14.0
18.0
12.0
11.0
12.0
9.0
11.0
19.0
11.0
10.0
16.0
15.0
85.0
22.0
26.0
36.0
24.0
16.0
17.0
13.0
39.0
15.0
10.0
59.0
13.0
45.0
29.0
10.0
43.0
20.0
20.0
8.0
26.0
15.0
18.0
46.0
40.0
19.0
17.0
20.0
13.0
11.0
17.0
38.0
35.0
10.0
17.0
9.0
10.0
27.0
25.0
13.0
12.0
12.0
11.0
16.0
12.0
10.0
11.0
14.0
12.0
54.0
15.0
14.0
11.0
9.0
19.0
14.0
12.0
13.0
21.0
19.0
14.0
21.0
12.0
8.0
21.0
12.0
9.0
15.0
13.0
14.0
12.0
12.0
11.0
28.0
25.0
16.0
9.0
9.0
17.0
18.0
20.0
35.0
40.0
15.0
9.0
11.0
12.0
17.0
8.0
29.0
17.0
23.0
47.0
11.0
13.0
21.0
17.0
10.0
15.0
22.0
11.0
39.0
13.0
24.0
12.0
12.0
31.0
12.0
28.0
12.0
12.0
26.0
10.0
20.0
16.0
13.0
13.0
26.0
16.0
11.0
11.0
16.0
28.0
21.0
12.0
14.0
17.0
28.0
13.0
19.0
10.0
11.0
